INDEX VERBORUM. · 1111

Lysimachum 147, 15 maeu12115. 27 magnimdini172‚6.187, 285, 12.ss ‘322 ,17

118,14. 153, 19. maculam 217, 6. 266, 1. 277, 15 majori 1‘· ,2) ,6. 227,17,
2, 28 6 magnitudinis 105, 12. 26],4-

Lysimachus 147,4 , 26. madens 223, 21127, 18. 139, 15. majoribus, ovis, 143,

148, 5. 8. 131, 12. magi 15. 20 150. 2,5 12. 160, 16. 233,

152. 16, 23. 153, magicas 5, 9. 269, 5 magnitudo 8, 9. 127, 1. 6. 268,9
4. 154, 22. 158, 9, magis 4, 5. 10, 24. 17, 129,15. 275, 9. 300, majoris 35, 15. 51, 23.

14,21 21.19‚4. 20‚11.22, 8 το, 9 93, 3 259
21, 28. 29, 11. 42 ,magno 67, 19. 70, 15. S
M. 56 95, 3. 97, 6. 104.n1130rum avorum, 85,
magiS, abl. 16, 9. 125, 14.1o5‚7.107,10. 13.89‚16,110,
Macznouas 75, 6-dat. 17,4.29, 11 112, 10.113,16. 126, 17. 127, 17.
22.107,18.120‚magister 231, 13 128,2 143,11
'1. 131, 10. 161, 2. magistratibus28,17.89 magnos 138, 11 majus ’,56 24. 37, ‘²6 69
222. 3, 7. 234, 8, 14. 42, 25. 184, 21. magnum ε’, 17. 78, 2.127,15.139,4
20 256,10 22. 140, 18. 184, 19,1τι;ι]ει, ...ὄπ 45, 12. 53,
Macedones 103, 4. magistratui 82 21, 23 281, 8. 292, 10. 297, 7- 155, 1. 170, ‘2
107,18‚26.1⁴²4,14.magistratus,plur.48‚2. 3 ‹ 294,18
129, 5. 148,19. 144, 160, 17. 821, 11. magnus 67, 16. 147, 21. mul& 25.14.53,9,
. 12 creatur199, 8 ¹ 166, 21. 290, 4. 320, · 12. 247, 21 2521
Macedonia 74, 11. 76, magnsm 156 27 20. 325, 1 maleficiis-282, 11, 81
8. 125, 29. 129. 17,magistros 100, 13 mago 15, 17. 16, 6, Malei 170, 2
23. 186, l. 145, 14. magna, abl.'.·,8. 68, 14. Mago 163, 15. 164, 2 Maleum 170, 10
156, 6. 2:35, 5. abl. 68, 13. 74, 11. 75, 171,19 172,1 mali 60, 24. 80. 8
74,12 28. 81, 1. 95, 3. magorum 17, 12. 125, 1 ¹3.6,8 158, ο, 177
Macedoniae 73, 23. 74, 102, 8. 122, 17. 9 13 ³
8. 75. 5, 7. 76, 9. 77, 153, 11. 156, 4.magosl6,2 maligne 56. 31
16. 78, 23, 24. 80, 245, 2. 293, 15 magum 15, 1 malint 155, 27
5. 81, 18. 82, 29. 85, magnae 67, 16. 70, 6. magus 15, 4. 16, 8 malis 47, 21. 48, 7 57
21 167,5 majestas 82, 4. 94, 2. 21.61,13 '174 εἰ
Macedoniam 25, 22. magnam 59, 20. 106, 7, 1:31, 19. 206, 5 192,15

⁷8, 29. 83, 3. 85, 2.·55‚4. 286„1 19 majestate 41, 4. samam ‚·11.15‚1 12
25.115,5,26.134,η1;ιῑ;η;196,8.69,19139, 14. 149, 20. 243, 1111116 05 7. 152, 12

15.135,18,22.143‚ 1.130,4. 154, 13. 20 mallent .,51 7. 84, ‹-

2‚17.146,1o. 151, 160, 7. 170, 11. 255, majestatem 51,7. 139, 130,1.6 ⁰*
κ 13.158,2 19 319, 5 153.147‚4.187‚.3-ma10,1n0men, 57,1.¹.1
Macedonibus, dae. 75, magnil22. 12. 24, 3ο. 210, 13. 284, 14 197,

28‚29.88‚ 25.96,15. 77, 1.9 104,28. 155, majestati 12, 1. 95, 2. malorum 079, 16

124, 11,20. 130, 7. 7,16.139,12.140, 101,26.300,11 Maltmum 231 .- 990

144, 2 9. 14.3,16.145,8 majestatis4,2. 15, 9 88, 2 *²
Macedonici 149, 12. magnifica 151, 15 1. 93,19 94,16 Mal& nus 930, 10

151, 12. 282, 2. 283, magnificae, plur. l9,2 majorG, 10. 83, 13. 57, mah-erit 1953, 16

7. 255, 7 magnificentia 91, 2. 5, 18. 63, 13. 66, 4, 11181υὲ1161 ,ὃς 13
Macedon1c1511418 ablat.178, 1. 206, 68, 2.7 62, 29. 101, maluit} ῖς 11 ⁰07 ο
Macedonico 227, 17. 17 2 maxum 1·- τ, 6 154’0 ὖ

267,18.286,4 ’ magnificentiam 104, 9. majora 2r‚6.39,1.45.1.‹49,› ‘²08 3 ἐς.)
Macedonicum 280, 2. 11⁴1,‘.¹0 27. 85, 27. 28-1, 510: ’,8 1) „A-

254, 1, 9. 255. 3 magnificentior 92, 32 23 malunt< ,ς 24 ‘⁷1
Macedonis 77, 19 magnifice11tior2121,8 majore 23, 23. 32, 7.mamn1a 122, 11.
Macedonum 75³.21.87‚magnis‘- §.31 9. 50, 4. 2131, 9. 49, .52, 2. mammis‘ -3‚ 18

19. 89, 2. 97,7,.11111,.,126 2. 179, 89, 2 manabant Δ,κ’ῐ, 19

100. 20. 106, 3, 4.10 majorem 27. 4. ‘32 26.man-bat 199,13

111, 14. 123, 12.magnitudine 91, 1.106, 34, 20, 101, 10. 106, 1111111318 613 4

124, 18. 129, 21 27. 107, 18. 119, 22.107,22.190,mand52=sse37‚19
macello 185, 9 22..127‚ 12. 143,19.1.> ma11dassnt56,12
machinaretur 296,2 147, 19 majores spir; .tus 1argi- mand-lt 20⁴2, 4
machinata est 296. 7 magnitudinem 5, 4. 40, untur 72, 3 mandat ³ 196, 22 159
macie 819,ss 6. 74,14.107,14 mamm, avi, 98, 22 2¹). 157, 9 5240 ο

’“2

